id,cost,status
31039,22.36,0
53069,47.571,0
35011,31.1,0
31109,71.681,0
31129,27.331,0
46099,78.357,0
48327,36.182,0
06091,101.629,0
21053,38.141,0
39063,30.922,0
48189,21.483,0
01027,48.233,0
48011,24.579,0
39003,37.832,0
13189,26.55,0
55111,39.077,0
05137,50.121,0
41063,122.243,0
42007,53.846,0
28061,59.194,0
29083,27.148,0
08109,68.364,0
37037,54.121,0
49033,25.631,0
40001,41.063,0
39085,75.398,0
51775,16.634,0
51121,35.474,0
47065,133.271,0
35035,46.602,0
35003,99.332,0
01091,50.982,0
56023,59.935,0
29011,24.926,0
48057,39.593,0
51735,16.769,0
54075,91.293,0
48077,27.73,0
51095,20.995,0
31101,21.525,0
31137,21.503,0
22019,88.246,0
22111,48.712,0
40135,31.189,0
01049,38.161,0
36101,71.225,0
42053,57.625,0
22105,50.076,0
51179,31.657,0
26109,59.05,0
18073,20.16,0
13025,37.65,0
13171,21.122,0
18151,24.295,0
48361,37.189,0
39047,18.431,0
25015,44.428,0
21003,21.914,0
37001,48.088,0
20073,29.621,0
25025,301.793,0
16051,19.921,0
48177,32.366,0
47115,42.853,0
26007,35.742,0
21231,49.107,0
47185,39.2,0
48147,26.393,0
20043,19.479,0
48265,28.051,0
12053,39.94,0
12129,39.24,0
12131,51.183,0
28017,43.969,0
26035,43.414,0
20157,26.905,0
12127,110.247,0
40017,32.333,0
13115,38.857,0
32001,24.582,0
31181,26.663,0
17067,33.826,0
46067,25.785,0
41013,81.294,0
50011,42.536,0
26103,103.368,0
37057,62.589,0
17025,28.177,0
29103,32.629,0
29117,26.222,0
42117,69.927,0
31043,24.086,0
26089,34.414,0
51181,38.548,0
48391,30.494,0
39017,97.046,0
13273,25.675,0
13063,55.486,0
56013,76.303,0
18115,23.863,0
13073,32.116,0
08115,30.779,0
30065,33.269,0
42043,98.879,0
46101,25.914,0
54079,35.759,0
34037,38.916,0
20039,26.806,0
18123,35.32,0
28145,41.659,0
31015,27.729,0
27095,25.701,0
38099,28.068,0
39115,36.197,0
39133,51.462,0
56041,21.08,0
32013,29.458,0
48247,36.951,0
08017,26.236,0
41005,278.597,0
05113,50.265,0
13193,40.315,0
18007,21.573,0
47129,46.4,0
46043,26.989,0
24047,28.669,0
17185,23.883,0
18069,20.722,0
21209,26.411,0
19053,24.918,0
18169,20.878,0
18003,112.921,0
18099,28.121,0
31171,30.151,0
38085,34.154,0
48127,36.801,0
27045,21.091,0
45023,44.869,0
27073,20.646,0
49005,66.149,0
55093,19.47,0
13049,58.856,0
13233,25.839,0
17113,31.026,0
23001,46.229,0
16055,89.42,0
32003,267.235,0
20147,27.639,0
31089,22.397,0
29101,20.82,0
55063,50.77,0
22021,48.253,0
21061,31.624,0
17005,18.652,0
17009,34.199,0
27085,21.487,0
55033,32.01,0
08027,35.059,0
29123,39.486,0
48353,21.827,0
42127,54.505,0
36091,74.36,0
48041,44.854,0
40095,40.044,0
24001,43.786,0
54103,45.302,0
55053,49.757,0
41007,91.705,0
53041,257.917,0
36003,60.283,0
19031,22.284,0
18117,39.759,0
13089,113.64,0
13227,28.338,0
30015,22.65,0
31017,22.957,0
47013,41.224,0
37069,49.426,0
24510,165.354,0
20111,23.258,0
19027,17.498,0
22107,46.161,0
47123,55.841,0
20075,24.41,0
19151,21.232,0
16045,24.766,0
05063,45.502,0
05085,27.346,0
18111,18.042,0
13119,31.614,0
12051,23.948,0
13265,38.33,0
48245,106.365,0
30059,62.745,0
08067,44.155,0
48027,73.472,0
28069,59.643,0
05019,47.57,0
41035,259.872,0
36075,56.441,0
01019,39.369,0
48019,30.516,0
30087,28.993,0
35059,30.17,0
26153,58.6,0
36111,81.053,0
34007,101.921,0
17083,19.834,0
51085,46.698,0
20199,29.956,0
26003,68.855,0
05049,43.522,0
48215,78.884,0
37155,56.621,0
26123,47.778,0
41049,47.563,0
27153,34.568,0
05083,48.081,0
37109,33.717,0
05091,26.281,0
12095,291.65,0
08111,35.349,0
16041,24.857,0
13045,49.748,0
20161,19.379,0
48413,36.611,0
51167,41.964,0
37027,55.488,0
16065,18.157,0
18173,21.935,0
21001,35.548,0
21077,25.222,0
21097,23.888,0
23023,28.772,0
30097,41.013,0
48181,42.258,0
42059,48.829,0
20051,17.492,0
01065,41.26,0
01105,45.798,0
01033,38.214,0
20151,21.872,0
21017,22.413,0
47149,76.89,0
13075,27.979,0
20101,27.118,0
40059,28.888,0
17147,19.329,0
48107,30.768,0
01063,53.805,0
16033,42.921,0
19109,22.025,0
38013,25.483,0
37063,123.391,0
19085,15.75,0
31103,31.758,0
19187,26.919,0
17151,44.804,0
47159,29.189,0
51089,36.187,0
51510,19.498,0
19101,17.845,0
30049,86.48,0
49013,60.977,0
40003,28.025,0
48119,27.708,0
47169,19.167,0
21193,41.956,0
46039,25.794,0
41029,269.339,0
48507,25.643,0
31007,31.01,0
19121,21.584,0
12011,275.272,0
13279,28.017,0
26151,30.057,0
48397,28.986,0
26163,461.413,0
27105,20.391,0
27001,73.267,0
38071,22.507,0
37145,35.579,0
20195,20.333,0
28151,27.728,0
48133,34.556,0
28055,51.15,0
48123,34.036,0
48005,43.317,0
45081,35.033,0
29125,37.265,0
05001,49.856,0
29109,27.111,0
51540,15.666,0
17011,20.993,0
39145,39.02,0
37115,45.802,0
16053,22.051,0
39163,39.974,0
48309,56.551,0
16037,106.685,0
19089,22.652,0
12099,177.478,0
13181,31.54,0
01013,47.879,0
47165,41.318,0
51097,38.975,0
05015,38.603,0
51820,23.352,0
41051,253.931,0
47061,48.024,0
27057,43.615,0
38081,31.113,0
36089,126.395,0
29179,65.109,0
06067,218.063,0
39125,27.846,0
18179,18.558,0
51063,37.759,0
06083,90.668,0
54005,49.88,0
28009,49.503,0
21055,34.119,0
19147,21.023,0
19159,32.268,0
37151,77.96,0
24015,33.389,0
18171,21.493,0
31077,27.686,0
31095,23.37,0
31151,24.516,0
21119,44.479,0
19045,24.388,0
27063,21.501,0
27039,18.893,0
27047,19.753,0
06009,70.322,0
25001,35.647,0
51119,30.958,0
42065,55.852,0
18089,130.533,0
47003,28.297,0
47027,40.109,0
17029,22.456,0
47097,32.222,0
41001,99.224,0
36097,37.24,0
26159,35.674,0
17131,18.656,0
21127,45.522,0
21175,42.317,0
21177,34.913,0
17049,26.575,0
47105,26.202,0
46025,26.076,0
12041,35.427,0
18157,45.72,0
42109,30.448,0
48277,30.772,0
12086,380.307,0
31057,27.235,0
48289,43.709,0
08097,43.101,0
38035,22.736,0
18091,38.421,0
18057,41.168,0
51595,27.075,0
40081,39.764,0
20071,30.459,0
13145,27.521,0
13251,44.942,0
48433,32.445,0
39069,24.695,0
33009,143.993,0
29145,27.647,0
18129,28.302,0
48311,34.946,0
17035,34.429,0
13297,32.029,0
27121,25.95,0
51157,31.573,0
51009,45.03,0
06111,150.7,0
17033,24.812,0
08093,45.362,0
06037,1915.017,0
04027,28.787,0
13129,36.884,0
19025,25.681,0
12055,27.913,0
51580,27.656,0
50017,57.812,0
20113,19.897,0
04021,42.29,0
39051,26.152,0
08003,22.279,0
12017,35.192,0
47041,37.541,0
42031,46.899,0
46097,26.677,0
46073,26.051,0
18031,20.567,0
18037,41.316,0
51057,39.513,0
45089,53.289,0
36031,116.052,0
19195,25.322,0
40063,39.267,0
51027,60.219,0
51005,46.778,0
28087,40.377,0
18143,21.791,0
08099,22.459,0
48435,36.489,0
40101,43.915,0
29043,26.485,0
28073,33.22,0
18137,32.627,0
38057,22.08,0
13147,32.102,0
22049,49.613,0
51133,33.457,0
48157,98.084,0
55047,22.185,0
30073,31.265,0
55127,34.933,0
32021,33.076,0
17057,25.807,0
36103,340.747,0
18161,21.592,0
29119,40.448,0
31157,19.205,0
35047,41.785,0
01081,47.423,0
48367,34.949,0
38021,21.423,0
38003,20.78,0
27143,26.442,0
13293,26.689,0
06097,170.387,0
26033,73.867,0
16019,55.467,0
13013,24.545,0
13183,34.377,0
48271,37.378,0
40115,24.418,0
42033,76.434,0
26037,20.633,0
17135,24.163,0
28003,36.383,0
28071,42.457,0
22043,42.273,0
29005,23.267,0
17115,38.495,0
26149,33.904,0
17055,26.224,0
30033,25.477,0
31001,20.068,0
27109,45.13,0
34039,124.49,0
01097,122.261,0
46087,20.082,0
01057,44.093,0
01017,40.598,0
37131,50.435,0
08081,29.357,0
21087,36.603,0
18047,24.324,0
37013,68.289,0
38015,24.226,0
37159,62.105,0
26071,79.847,0
27067,19.984,0
21237,45.603,0
48149,25.964,0
46081,32.784,0
23029,125.483,0
48045,36.636,0
26131,92.307,0
28015,52.873,0
41003,67.566,0
27133,20.297,0
42063,51.087,0
22061,30.542,0
42099,37.31,0
46137,34.247,0
48203,48.399,0
26013,67.567,0
40131,42.485,0
29019,55.781,0
40015,28.751,0
08059,78.326,0
54011,36.896,0
48383,30.308,0
05141,46.205,0
08117,31.456,0
20035,24.054,0
05071,46.594,0
36041,116.381,0
51045,35.849,0
48083,36.352,0
04017,61.629,0
28085,46.052,0
48357,32.44,0
48103,35.24,0
56003,33.978,0
47081,45.382,0
28143,23.565,0
29081,25.653,0
18005,47.819,0
13223,29.932,0
39015,22.505,0
47141,36.701,0
38101,26.688,0
25027,245.906,0
39091,21.522,0
06031,31.616,0
06073,690.568,0
13079,25.687,0
29037,22.693,0
36027,75.622,0
48477,19.819,0
08101,34.017,0
29067,47.26,0
38009,23.681,0
37051,79.725,0
56017,27.215,0
26001,52.457,0
06061,162.027,0
05129,51.67,0
48305,28.563,0
36077,60.04,0
37153,39.842,0
37093,29.992,0
31131,21.488,0
42023,55.396,0
45035,50.831,0
27161,20.801,0
46015,26.836,0
47177,27.985,0
17023,29.909,0
21201,34.645,0
47095,37.291,0
45015,71.33,0
05051,47.09,0
20139,17.827,0
39155,50.363,0
48333,33.346,0
48359,25.983,0
42019,80.524,0
16049,416.174,0
20115,21.209,0
51029,48.944,0
37025,49.621,0
29225,26.456,0
49011,60.971,0
27033,21.931,0
12093,22.44,0
13291,41.437,0
19013,59.433,0
48403,48.064,0
39131,36.838,0
01125,91.378,0
01131,63.671,0
28097,47.025,0
31099,25.812,0
31087,27.628,0
10003,125.208,0
16081,28.388,0
17161,48.096,0
51073,25.44,0
05133,37.245,0
18017,21.896,0
16077,23.817,0
18015,23.003,0
42101,266.217,0
56043,22.445,0
37029,26.819,0
36109,29.948,0
05069,34.665,0
05079,38.66,0
55123,39.962,0
29093,50.376,0
48223,23.432,0
36001,96.393,0
48225,41.297,0
39111,50.011,0
20165,25.312,0
18107,21.371,0
20187,29.63,0
21129,43.829,0
27071,96.141,0
48029,295.5,0
08013,82.118,0
47089,25.917,0
40097,35.938,0
27165,28.684,0
16013,37.504,0
22053,27.101,0
46119,25.76,0
08031,228.602,0
40029,43.043,0
30011,32.771,0
48461,36.26,0
18051,34.048,0
31105,28.192,0
17093,19.758,0
11001,90.804,0
08085,38.664,0
27171,34.741,0
55059,40.636,0
08037,54.047,0
06075,165.78,0
08113,32.941,0
12109,45.382,0
28019,49.642,0
29079,24.814,0
26085,51.457,0
26139,119.167,0
17031,1117.43,0
17059,31.106,0
45047,35.477,0
20059,19.801,0
27027,16.766,0
47075,26.995,0
49003,31.579,0
28139,42.175,0
54051,35.827,0
54035,40.329,0
16039,39.229,0
24005,127.416,0
38005,31.88,0
29163,35.88,0
39087,34.064,0
29201,22.765,0
39001,38.538,0
48143,24.074,0
13137,30.414,0
13319,42.285,0
54061,34.287,0
39033,23.412,0
12027,24.025,0
39059,36.009,0
26015,31.291,0
29209,30.05,0
51760,78.183,0
37169,40.138,0
19039,23.555,0
19065,24.788,0
06041,54.964,0
48381,36.008,0
48401,34.6,0
19181,17.671,0
39161,17.265,0
12043,28.705,0
13199,38.842,0
08023,38.638,0
48099,22.302,0
19001,31.534,0
13053,25.404,0
06043,89.988,0
29089,19.812,0
41047,147.115,0
55079,220.542,0
27139,36.322,0
39129,19.48,0
51145,28.161,0
08014,22.537,0
47099,33.243,0
26009,44.54,0
45069,39.36,0
16009,61.358,0
17103,20.327,0
31127,21.539,0
37031,40.192,0
20149,16.749,0
26075,45.016,0
48091,40.973,0
25019,17.089,0
45009,37.149,0
48007,22.725,0
13019,34.072,0
18165,18.019,0
26143,39.242,0
37005,36.174,0
06035,103.888,0
51610,9.152,0
12081,55.945,0
39119,39.642,0
08015,35.889,0
08025,28.848,0
08043,32.298,0
28109,42.345,0
28111,54.87,0
31041,22.028,0
12013,49.075,0
21117,39.8,0
19037,23.143,0
17037,23.302,0
19081,22.566,0
38089,25.008,0
26095,59.15,0
40019,33.124,0
37139,21.833,0
35055,53.244,0
28011,25.953,0
32023,60.1,0
47073,32.865,0
38011,26.521,0
42057,44.107,0
22055,90.248,0
48237,35.301,0
17175,21.495,0
40055,25.254,0
48211,33.957,0
16069,36.826,0
46129,22.532,0
06055,62.076,0
40033,29.165,0
29221,52.894,0
36011,30.526,0
48417,34.748,0
48407,45.735,0
19061,48.655,0
51075,24.486,0
20181,26.414,0
39139,42.747,0
17001,35.316,0
39021,19.054,0
33019,56.029,0
17075,23.381,0
19157,22.888,0
39169,42.21,0
13113,26.485,0
13141,41.917,0
48259,29.982,0
36039,53.351,0
51137,35.84,0
40089,73.951,0
13277,25.654,0
31025,17.036,0
46077,25.434,0
56009,30.902,0
36043,74.9,0
38047,25.803,0
26053,79.604,0
27005,40.82,0
01095,46.118,0
47173,30.874,0
54057,30.354,0
55003,62.643,0
17053,21.367,0
38029,26.927,0
06089,267.646,0
22113,22.126,0
05121,35.75,0
55085,67.851,0
22035,35.208,0
22037,28.92,0
22087,22.364,0
48481,22.781,0
48153,35.506,0
21151,27.369,0
47009,51.767,0
30031,81.013,0
45031,33.122,0
01053,51.058,0
13143,28.346,0
20001,23.532,0
17041,33.493,0
51079,26.751,0
55137,30.058,0
05065,39.857,0
06053,107.762,0
35017,42.952,0
29131,36.392,0
37193,68.47,0
29165,28.991,0
29021,41.165,0
01083,26.656,0
18065,19.339,0
31143,26.248,0
39123,22.528,0
27107,21.764,0
19165,22.729,0
24013,29.367,0
19011,17.228,0
21159,37.873,0
27025,21.584,0
21189,43.027,0
42015,61.094,0
54029,19.724,0
29051,25.353,0
26021,46.289,0
42061,53.118,0
31045,23.938,0
51141,49.327,0
26119,49.709,0
26135,46.122,0
35007,52.679,0
17163,48.076,0
17189,23.794,0
42009,63.148,0
05127,54.213,0
20099,20.252,0
42073,30.194,0
39067,38.985,0
37003,34.001,0
34009,23.173,0
33005,67.467,0
27089,30.367,0
51101,32.901,0
08055,39.265,0
48255,39.011,0
47023,29.895,0
17171,32.043,0
49027,40.337,0
49029,21.262,0
48257,32.221,0
04011,44.682,0
04013,842.154,0
26129,37.24,0
47087,39.662,0
17159,22.656,0
01009,40.516,0
30051,29.35,0
48131,37.6,0
29173,31.626,0
48251,43.242,0
13061,31.894,0
41023,200.01,0
41011,187.811,0
48159,32.542,0
36113,74.357,0
51113,34.48,0
40005,44.597,0
17129,14.699,0
13015,43.776,0
12069,68.218,0
40111,30.235,0
38083,27.333,0
18049,23.256,0
20091,160.944,0
24009,23.425,0
55129,49.648,0
53031,293.363,0
27169,35.959,0
28149,48.237,0
29003,15.692,0
29139,29.241,0
20021,25.727,0
37083,70.584,0
35043,41.734,0
21051,51.962,0
42035,73.893,0
41043,246.921,0
55065,29.625,0
40147,22.859,0
54077,50.143,0
55135,41.394,0
48137,46.461,0
41037,121.806,0
29153,46.93,0
48473,26.517,0
01099,62.084,0
50009,64.312,0
51111,42.385,0
38097,20.977,0
13139,76.565,0
13283,39.441,0
13037,29.796,0
55125,60.253,0
27007,62.035,0
24019,29.762,0
42037,36.406,0
39023,30.665,0
48323,23.897,0
04019,178.3,0
35006,39.797,0
34005,102.775,0
50021,69.876,0
13099,33.753,0
25007,18.934,0
38049,22.415,0
31179,19.486,0
38045,31.628,0
16023,28.729,0
33007,123.2,0
38043,32.738,0
48273,20.483,0
18127,58.016,0
28101,44.694,0
37163,64.12,0
47127,24.048,0
12103,172.87,0
17065,24.545,0
05105,40.445,0
20023,32.932,0
08029,34.797,0
19185,28.78,0
48165,32.852,0
01093,46.539,0
37189,34.822,0
51770,29.862,0
48317,28.892,0
48037,39.359,0
49057,52.008,0
29127,22.171,0
36045,49.151,0
19097,27.194,0
38063,26.325,0
36019,62.423,0
08045,56.604,0
29177,25.509,0
39073,33.382,0
01085,45.972,0
13043,39.073,0
19113,78.346,0
06105,306.918,0
13215,44.928,0
28135,40.639,0
20005,17.638,0
48003,31.012,0
39109,37.828,0
48375,50.099,0
40133,38.568,0
45003,90.847,0
06045,254.565,0
51550,53.748,0
56037,34.933,0
48169,33.787,0
54031,53.713,0
55089,29.248,0
47163,61.006,0
45059,47.274,0
56011,35.858,0
55117,54.534,0
25013,122.045,0
48055,24.701,0
20029,22.236,0
06027,42.984,0
01037,49.578,0
19059,14.437,0
21095,53.795,0
20061,18.736,0
42011,107.877,0
47019,40.773,0
27083,17.869,0
51037,38.626,0
47179,43.473,0
45071,41.803,0
51093,26.164,0
41069,58.168,0
29023,30.783,0
22047,55.629,0
28125,45.561,0
51061,38.569,0
51750,16.878,0
32005,28.924,0
12037,46.18,0
18055,33.936,0
18139,22.972,0
55131,50.803,0
29105,37.313,0
42085,50.25,0
05031,39.829,0
29195,19.54,0
17193,30.043,0
17039,22.2,0
32033,60.892,0
27049,27.153,0
37173,63.367,0
12101,70.594,0
12119,34.472,0
36059,249.09,0
38091,26.717,0
18163,53.994,0
29071,58.491,0
37011,39.43,0
54107,36.496,0
55007,73.395,0
47161,44.62,0
55097,33.891,0
45063,71.964,0
24003,108.582,0
55039,36.275,0
54101,70.118,0
55061,22.639,0
48369,31.147,0
40151,23.092,0
21063,38.595,0
25003,75.949,0
29041,36.124,0
08103,57.034,0
08087,23.44,0
41045,24.411,0
34023,198.875,0
20167,22.2,0
17155,26.897,0
46055,28.01,0
47111,23.867,0
05023,39.62,0
01109,36.49,0
16003,65.216,0
25005,130.6,0
42107,67.967,0
38103,21.064,0
37045,48.103,0
05059,45.038,0
24021,54.008,0
17169,26.904,0
06051,76.671,0
06109,152.004,0
35013,30.818,0
13081,24.939,0
05027,43.379,0
38039,25.406,0
06095,88.455,0
19043,30.969,0
48449,29.403,0
54027,51.053,0
37125,58.286,0
20009,21.67,0
38087,30.886,0
22083,33.3,0
31071,26.644,0
22099,43.377,0
01119,61.322,0
01133,56.297,0
12117,64.15,0
28035,40.812,0
26065,39.572,0
20177,55.594,0
46061,23.669,0
27061,95.94,0
08073,21.366,0
36053,37.337,0
36115,50.222,0
18081,33.201,0
48445,30.946,0
35021,37.771,0
01121,46.872,0
55067,55.297,0
48155,36.492,0
19021,17.912,0
19129,19.613,0
48385,42.244,0
39041,28.77,0
37067,132.433,0
32510,25.612,0
19049,18.74,0
48065,21.13,0
13261,26.259,0
29223,60.883,0
45007,65.04,0
56007,69.71,0
30093,34.14,0
17177,21.281,0
26087,31.563,0
22027,51.006,0
28161,45.956,0
26079,50.849,0
22039,35.638,0
47069,46.094,0
04003,30.615,0
35023,34.981,0
38023,27.276,0
06071,405.654,0
08083,38.926,0
28023,56.973,0
19125,27.397,0
31055,126.935,0
51600,19.333,0
40057,35.622,0
29039,31.819,0
13059,29.36,0
16085,158.81,0
48275,33.784,0
05103,48.775,0
39037,22.274,0
40071,23.841,0
46041,32.784,0
41057,134.865,0
13077,39.99,0
28127,45.474,0
28131,32.63,0
06013,158.392,0
47017,35.679,0
51087,56.085,0
18119,31.763,0
36119,157.744,0
29017,37.045,0
54047,50.083,0
54033,52.488,0
37077,43.709,0
31139,26.039,0
13023,26.168,0
13033,43.211,0
17181,30.285,0
17091,34.976,0
38051,27.508,0
31141,22.71,0
37185,49.246,0
13197,33.141,0
46027,14.079,0
10005,64.878,0
13159,33.063,0
29175,23.025,0
20015,20.444,0
48209,37.918,0
48325,33.627,0
26105,32.158,0
45013,40.096,0
46135,18.22,0
55105,49.161,0
45077,42.798,0
53013,51.961,0
18023,20.153,0
17027,20.119,0
16067,30.638,0
42113,49.979,0
28121,71.553,0
48345,32.939,0
41039,655.557,0
48485,35.81,0
26155,20.334,0
20089,33.647,0
20123,26.938,0
12007,34.857,0
28091,57.918,0
28039,43.287,0
17085,25.062,0
18059,21.114,0
51620,16.187,0
48329,174.468,0
20171,22.103,0
30013,44.276,0
51660,22.866,0
17199,30.754,0
30029,209.275,0
20189,23.41,0
21067,82.543,0
21091,31.48,0
46013,18.843,0
54001,45.644,0
47181,54.266,0
31013,21.154,0
42097,35.155,0
48469,31.644,0
51530,22.363,0
26147,45.457,0
31173,32.39,0
50015,45.687,0
51067,42.905,0
40011,31.354,0
53037,127.32,0
18135,23.44,0
49025,38.573,0
54093,52.768,0
55023,37.599,0
01071,63.113,0
19123,18.071,0
20045,21.347,0
21059,30.139,0
21197,34.641,0
29097,45.418,0
41061,102.275,0
13151,35.884,0
38001,21.31,0
37137,35.393,0
21083,24.406,0
42021,55.107,0
47107,30.676,0
26093,42.305,0
08001,145.106,0
42069,64.442,0
40123,30.428,0
40037,41.771,0
48457,53.708,0
47175,43.568,0
40125,31.277,0
35053,36.028,0
13003,37.293,0
12031,222.524,0
48145,31.603,0
05149,58.098,0
20033,26.595,0
21113,19.632,0
21171,38.555,0
40075,25.016,0
46079,20.394,0
37033,45.761,0
48377,34.262,0
39057,22.761,0
48489,28.671,0
35028,10.296,0
01003,78.306,0
19007,26.633,0
51127,25.568,0
13263,36.175,0
36049,75.983,0
54015,45.631,0
18077,27.983,0
51019,60.01,0
35033,44.588,0
31011,25.57,0
29149,51.295,0
47083,34.522,0
42131,35.91,0
37107,40.502,0
18167,31.371,0
18039,230.089,0
51077,44.365,0
48303,60.34,0
27093,22.632,0
39005,24.573,0
31119,21.662,0
12085,31.704,0
08079,51.986,0
13085,25.206,0
13167,41.655,0
05095,48.812,0
29059,27.287,0
51143,53.392,0
20145,21.903,0
20209,54.994,0
12029,59.939,0
26157,29.056,0
20065,31.303,0
22097,39.266,0
47055,33.764,0
39095,110.431,0
05093,44.704,0
18043,26.794,0
20129,27.732,0
21081,20.133,0
21217,20.933,0
37075,43.009,0
54045,53.663,0
54073,33.476,0
51071,36.694,0
54019,57.415,0
53061,498.057,0
35015,42.454,0
31117,30.53,0
31145,21.876,0
31149,27.778,0
47085,48.484,0
17125,24.02,0
51197,35.277,0
13303,45.036,0
53077,197.442,0
05143,81.929,0
48213,29.115,0
55035,57.185,0
47153,37.576,0
48471,34.006,0
04005,160.209,0
20191,17.439,0
26127,41.603,0
27065,36.109,0
39007,48.698,0
06003,74.798,0
48167,56.813,0
01011,52.095,0
17105,21.422,0
39135,25.338,0
39079,30.063,0
48201,1473.557,0
25017,400.638,0
48115,27.021,0
36069,45.769,0
01001,36.606,0
20121,17.703,0
13091,35.458,0
36023,34.715,0
13039,37.921,0
26161,119.259,0
18087,51.016,0
48371,34.085,0
13225,20.809,0
13311,34.963,0
13163,34.842,0
55083,45.371,0
48347,41.823,0
44009,51.884,0
53047,275.215,0
53063,118.222,0
55041,70.528,0
55113,73.317,0
34017,85.03,0
39151,91.85,0
48187,31.694,0
53029,27.512,0
54037,18.235,0
51153,62.669,0
42029,96.054,0
54055,40.158,0
47145,31.028,0
53009,259.419,0
53065,137.669,0
19177,28.116,0
31073,25.589,0
28095,50.982,0
12033,69.953,0
48439,509.418,0
24033,88.94,0
51169,44.866,0
48239,29.143,0
40085,32.603,0
13289,28.585,0
39099,58.443,0
01087,39.608,0
17191,30.847,0
48437,36.781,0
29151,28.156,0
17089,132.349,0
06017,144.676,0
45055,39.336,0
37073,38.93,0
08089,21.552,0
41019,601.641,0
42089,58.46,0
05101,62.83,0
38019,28.837,0
40103,27.351,0
20063,27.45,0
22077,27.44,0
31067,17.941,0
01115,46.168,0
28123,57.568,0
13095,40.035,0
18061,25.373,0
16017,113.12,0
13047,20.789,0
22059,44.826,0
23027,56.628,0
24027,43.542,0
49035,343.605,0
12087,23.022,0
39157,52.289,0
09110,76.251,0
09120,48.793,0
09130,64.218,0
09140,59.257,0
09150,71.831,0
09160,86.989,0
09170,54.255,0
09180,68.867,0
09190,61.54,0
36085,55.75,0
39071,28.132,0
27077,42.143,0
16011,21.148,0
45045,157.444,0
46085,29.502,0
55121,39.46,0
06113,47.996,0
48431,26.69,0
48495,40.27,0
46071,34.686,0
49041,46.824,0
51036,32.182,0
01023,66.42,0
18083,21.01,0
31047,24.298,0
20057,31.242,0
38105,44.673,0
38017,69.655,0
17069,37.913,0
31005,29.615,0
48163,28.947,0
19103,58.283,0
20133,24.786,0
21089,28.005,0
20107,21.452,0
49017,68.015,0
32011,37.464,0
31085,26.516,0
08095,25.355,0
05013,48.192,0
21101,28.314,0
28051,44.509,0
28105,30.321,0
30027,39.429,0
24023,50.539,0
22119,38.388,0
26059,22.279,0
21141,33.969,0
46033,33.1,0
33013,88.63,0
42133,129.887,0
37161,46.824,0
46005,18.151,0
01043,39.013,0
13097,37.785,0
31097,20.946,0
37187,48.745,0
46075,30.08,0
37007,40.35,0
38007,30.689,0
31003,26.939,0
29073,33.67,0
21031,34.566,0
56005,39.119,0
13211,28.613,0
05037,31.202,0
05107,26.421,0
22093,36.474,0
06115,35.636,0
01117,55.516,0
08091,31.595,0
35009,20.608,0
40149,22.392,0
37135,33.894,0
18131,24.882,0
26019,36.434,0
36029,225.721,0
24031,103.045,0
51685,19.957,0
51013,34.117,0
51035,44.116,0
29183,63.826,0
06069,25.232,0
24035,19.839,0
20013,28.167,0
13031,32.333,0
21071,46.655,0
30007,35.97,0
13309,40.571,0
37049,59.696,0
29087,23.576,0
48295,33.634,0
41009,70.069,0
45041,64.079,0
38061,27.821,0
49053,44.807,0
30003,33.449,0
42047,79.375,0
31165,29.642,0
28031,43.877,0
18013,35.521,0
18019,42.97,0
21021,20.405,0
21065,44.262,0
48087,35.535,0
48089,32.856,0
17063,25.547,0
27081,25.576,0
13109,33.765,0
48497,37.708,0
13307,40.312,0
13169,27.547,0
13135,159.489,0
55095,42.305,0
55045,22.247,0
36079,27.767,0
51700,114.375,0
08011,33.635,0
40065,18.65,0
30089,147.92,0
48173,35.111,0
05047,33.483,0
40093,24.783,0
47125,38.454,0
53051,111.236,0
38055,20.645,0
41027,75.266,0
19197,22.621,0
48419,42.157,0
29055,52.361,0
51017,52.249,0
27111,27.428,0
22075,24.555,0
28115,43.843,0
22067,29.511,0
21029,32.246,0
01047,45.312,0
48093,29.745,0
30053,205.591,0
27021,77.313,0
08007,50.695,0
28163,48.688,0
55087,82.453,0
29107,18.415,0
37195,55.044,0
39117,23.115,0
30039,79.229,0
38031,25.369,0
05033,40.98,0
48053,39.368,0
29186,40.421,0
48179,22.55,0
17109,20.821,0
19137,20.998,0
05067,33.233,0
48229,32.746,0
22079,73.406,0
31111,20.346,0
48067,45.426,0
47079,30.478,0
51840,19.238,0
37061,64.654,0
37087,55.557,0
27037,96.062,0
41025,80.873,0
55001,33.99,0
29045,38.736,0
21015,63.541,0
21229,25.517,0
22009,38.931,0
28137,23.055,0
29227,27.637,0
31163,26.299,0
46021,30.502,0
46063,29.707,0
26057,21.559,0
19175,22.127,0
17127,24.948,0
31113,30.159,0
31121,22.332,0
31161,28.987,0
21039,33.192,0
56025,38.027,0
13321,32.117,0
18109,24.807,0
48139,45.031,0
13229,31.017,0
18053,22.275,0
12035,37.633,0
28077,46.866,0
22127,62.095,0
17073,23.714,0
41041,129.179,0
23031,84.506,0
46029,21.429,0
13231,26.395,0
13259,36.226,0
34025,95.871,0
05021,33.937,0
05045,34.718,0
40041,37.036,0
19107,23.157,0
17061,35.707,0
27075,86.564,0
13285,44.221,0
06023,334.494,0
47043,33.363,0
27003,89.339,0
46009,26.971,0
47059,41.869,0
51183,47.129,0
18141,71.071,0
38067,28.256,0
46007,32.164,0
22115,53.749,0
23019,190.454,0
24041,17.334,0
13257,25.77,0
06065,309.62,0
05005,33.75,0
28007,58.154,0
19169,24.384,0
20011,24.915,0
51049,35.978,0
45085,50.847,0
54109,50.467,0
06029,192.506,0
48097,31.614,0
45075,55.475,0
55119,55.808,0
27099,18.703,0
27101,25.43,0
44007,133.577,0
29161,35.707,0
28117,36.111,0
21235,34.938,0
18149,23.256,0
48491,71.262,0
19131,22.418,0
13107,41.013,0
22025,43.414,0
42025,35.404,0
31133,28.931,0
47171,36.381,0
45083,123.848,0
55073,82.692,0
32007,54.946,0
54007,60.513,0
26165,41.121,0
48079,36.99,0
42013,56.887,0
29085,37.475,0
29009,41.724,0
27123,137.129,0
05081,26.545,0
32019,28.462,0
12071,97.037,0
41033,178.362,0
28113,33.156,0
47031,29.85,0
16059,138.362,0
21183,40.39,0
31153,31.368,0
13071,32.875,0
27167,25.853,0
17157,30.155,0
23011,65.702,0
51173,42.301,0
35041,19.872,0
42111,63.869,0
51191,37.069,0
37081,169.663,0
16001,124.815,0
40039,21.878,0
39101,23.287,0
17149,29.25,0
17203,21.673,0
13245,71.802,0
01107,53.117,0
40045,29.504,0
17145,26.684,0
19075,14.246,0
08107,57.963,0
34035,88.745,0
06011,30.924,0
17087,23.286,0
08053,51.283,0
16031,26.838,0
27059,18.798,0
42049,87.732,0
28029,56.072,0
48467,31.603,0
51161,30.056,0
51015,54.769,0
49031,38.785,0
21161,18.804,0
27009,24.06,0
48129,28.916,0
12005,56.811,0
01077,30.585,0
18045,27.38,0
17173,23.651,0
17051,28.759,0
39127,27.812,0
51590,22.506,0
13011,35.832,0
13305,35.039,0
40109,195.43,0
40069,38.614,0
37099,51.033,0
49043,55.587,0
29167,22.13,0
32015,26.708,0
19191,24.952,0
21023,24.343,0
55037,48.77,0
54087,53.988,0
27159,25.004,0
51670,24.098,0
17201,89.921,0
04007,58.295,0
24045,31.9,0
21043,35.236,0
37097,76.218,0
51083,50.444,0
37091,40.321,0
36057,28.847,0
27113,21.655,0
53073,253.117,0
41021,24.991,0
34029,70.279,0
05009,30.047,0
40031,35.345,0
48253,24.595,0
48185,33.844,0
26049,70.353,0
22007,39.084,0
28013,49.908,0
28041,52.487,0
30017,22.342,0
46109,24.94,0
17141,22.146,0
38077,18.276,0
55005,42.13,0
55051,58.378,0
27157,20.423,0
06015,127.285,0
40127,67.954,0
53007,242.074,0
26141,45.385,0
40027,35.606,0
36105,71.548,0
37149,36.547,0
37165,29.211,0
37085,51.948,0
37105,44.976,0
18159,21.196,0
20027,21.504,0
40145,27.882,0
30083,28.963,0
05003,44.099,0
05041,38.118,0
47135,46.448,0
27163,47.273,0
51740,26.116,0
42051,60.127,0
54023,43.556,0
51171,42.298,0
48235,30.605,0
29025,19.271,0
12107,49.948,0
18025,44.406,0
29111,27.039,0
31075,31.615,0
16071,25.175,0
17139,31.037,0
21107,29.933,0
16035,149.584,0
21013,37.253,0
27035,48.949,0
04009,33.879,0
05123,26.355,0
13101,45.298,0
20105,31.847,0
20183,21.155,0
12065,43.702,0
28005,64.785,0
05097,60.453,0
26025,48.005,0
01029,51.663,0
08123,90.029,0
40009,24.847,0
06049,96.404,0
19153,122.045,0
13179,37.689,0
48349,26.194,0
48047,37.699,0
47187,41.466,0
56021,32.492,0
53003,26.425,0
27155,26.625,0
17017,27.512,0
13247,33.56,0
42067,40.063,0
42083,82.969,0
40049,38.042,0
31021,26.643,0
35045,48.571,0
36073,21.231,0
22031,39.378,0
06019,299.241,0
13105,36.626,0
01005,51.102,0
37017,64.227,0
48111,36.07,0
17167,28.528,0
40035,28.098,0
47035,44.717,0
26137,40.481,0
19161,26.27,0
49015,36.355,0
53019,127.273,0
30109,31.47,0
35027,29.193,0
40021,36.335,0
27173,21.956,0
48231,32.612,0
48335,34.965,0
48499,30.122,0
40113,38.185,0
37039,52.115,0
26107,28.613,0
21195,67.678,0
12067,47.91,0
37035,83.657,0
21025,49.947,0
48075,35.037,0
29181,53.04,0
17179,33.349,0
48243,35.964,0
51678,17.903,0
05135,41.168,0
08069,121.159,0
37177,56.624,0
27131,22.354,0
29219,25.752,0
21227,42.195,0
22017,83.839,0
46121,37.304,0
19127,22.598,0
40141,29.978,0
37113,57.266,0
54063,45.558,0
18155,39.907,0
21105,33.339,0
01061,32.027,0
17099,38.029,0
19055,22.864,0
20127,26.792,0
19051,28.686,0
16015,70.302,0
55081,50.563,0
37143,33.476,0
12047,46.554,0
18035,26.451,0
12075,57.114,0
28045,31.133,0
13315,42.165,0
22081,40.655,0
47093,106.545,0
23017,141.392,0
29095,171.572,0
13281,29.108,0
28129,60.767,0
16075,23.303,0
16079,181.957,0
37095,67.969,0
19067,28.961,0
21145,25.16,0
21225,23.873,0
46125,20.751,0
47029,39.656,0
47067,42.891,0
47071,42.37,0
45067,42.125,0
22117,39.336,0
29207,27.848,0
13093,31.756,0
27145,81.49,0
31155,14.74,0
27141,28.103,0
46035,18.63,0
47025,37.778,0
48337,29.969,0
48049,22.038,0
55101,59.721,0
55115,36.846,0
19009,25.557,0
48207,29.371,0
40083,22.315,0
36065,82.079,0
08065,28.527,0
40121,40.608,0
54017,46.658,0
54105,39.049,0
33003,78.769,0
54095,45.09,0
27079,25.648,0
53017,16.924,0
36009,79.393,0
55027,64.852,0
19105,18.346,0
20007,28.045,0
29169,33.814,0
01045,41.137,0
20109,25.687,0
06039,92.198,0
29075,34.362,0
31009,31.246,0
49009,41.595,0
56031,22.292,0
37071,67.094,0
35019,31.043,0
30037,33.809,0
37101,76.804,0
06085,809.004,0
45019,118.266,0
53005,59.467,0
29001,21.841,0
39043,25.962,0
17183,33.25,0
29189,256.461,0
17007,22.858,0
06103,112.139,0
55025,145.195,0
48151,33.323,0
22085,50.593,0
17137,20.649,0
13235,38.391,0
37015,59.116,0
37167,35.978,0
47143,26.973,0
37079,35.797,0
21131,47.266,0
24039,25.455,0
17123,17.824,0
21143,37.368,0
48095,32.757,0
48081,32.346,0
47133,36.534,0
26063,30.245,0
26069,42.18,0
13069,34.583,0
13299,49.142,0
38037,25.919,0
22051,93.785,0
22103,71.927,0
19083,23.683,0
22023,28.088,0
39027,24.737,0
27137,247.496,0
39093,66.401,0
19015,16.437,0
48373,48.767,0
31051,26.616,0
24025,40.206,0
45037,34.888,0
51001,35.631,0
55015,22.937,0
21121,40.201,0
26067,23.742,0
37129,48.107,0
47131,26.516,0
21035,25.107,0
51003,63.212,0
47147,24.422,0
51043,22.953,0
53023,35.514,0
21109,46.541,0
27031,68.79,0
45073,54.903,0
22033,163.755,0
28021,53.947,0
24037,28.577,0
26081,245.932,0
37147,76.127,0
30009,30.169,0
31167,26.005,0
13001,37.064,0
19099,17.234,0
28153,58.772,0
48101,34.632,0
51081,39.612,0
12105,131.208,0
48503,31.69,0
01123,41.489,0
33015,118.563,0
08105,39.173,0
19149,26.139,0
36123,25.468,0
53033,758.809,0
41017,138.87,0
19155,30.585,0
29229,36.277,0
30101,26.811,0
36107,37.159,0
48287,36.055,0
13121,389.197,0
48073,34.873,0
29007,20.905,0
45029,62.894,0
55055,34.327,0
05055,25.857,0
48191,35.363,0
55013,43.868,0
35057,28.656,0
53049,110.212,0
37141,54.345,0
48221,26.042,0
46117,15.212,0
32031,140.973,0
21007,33.993,0
48009,23.185,0
48023,28.791,0
48405,48.436,0
32029,19.701,0
13249,32.382,0
48313,30.509,0
06077,129.841,0
28159,53.065,0
21103,20.595,0
21167,21.078,0
31183,32.609,0
21135,52.575,0
27051,25.214,0
28053,32.17,0
01025,79.391,0
20017,31.427,0
21221,27.406,0
01069,37.841,0
46003,26.383,0
31061,28.117,0
24029,22.353,0
20037,22.182,0
27023,26.084,0
46103,54.516,0
45049,44.741,0
16043,46.608,0
13029,30.591,0
51053,40.706,0
12111,34.491,0
36055,177.14,0
46083,19.067,0
55017,46.428,0
20207,28.014,0
21157,38.122,0
13065,51.086,0
13185,39.837,0
26099,249.542,0
13287,27.684,0
17079,23.044,0
48331,30.425,0
18147,24.423,0
21099,37.155,0
21137,31.236,0
30005,23.755,0
51710,72.248,0
48389,34.136,0
51155,28.28,0
37179,57.419,0
38053,33.341,0
12091,62.981,0
06001,603.904,0
17013,30.156,0
18085,41.718,0
28103,47.747,0
05147,40.447,0
34015,62.725,0
33011,154.509,0
30045,45.744,0
37121,38.831,0
30077,87.766,0
41053,62.81,0
41065,85.044,0
46105,25.45,0
19173,27.378,0
01129,70.533,0
39039,20.684,0
54025,77.449,0
17121,24.945,0
51051,46.221,0
51007,26.954,0
13243,33.774,0
35029,19.886,0
48355,94.502,0
56045,26.955,0
17187,22.623,0
01089,101.794,0
47189,40.1,0
48063,25.331,0
40067,37.351,0
54085,57.802,0
19145,23.07,0
20087,17.692,0
22045,36.174,0
37133,56.874,0
27043,26.765,0
47057,31.2,0
48161,40.308,0
42087,38.631,0
01041,49.154,0
51520,18.139,0
48399,28.923,0
48443,31.844,0
20153,26.239,0
20193,20.741,0
13161,37.617,0
19035,21.53,0
05145,38.804,0
28083,28.404,0
29053,20.889,0
26043,50.395,0
17197,145.452,0
48117,24.82,0
46011,18.179,0
29047,58.924,0
28027,26.224,0
18011,19.463,0
19057,26.669,0
19163,58.949,0
20143,26.273,0
12023,57.395,0
12059,46.584,0
28047,67.339,0
47011,38.122,0
27017,37.435,0
48315,37.435,0
36095,39.728,0
40117,32.597,0
36007,66.984,0
48291,47.822,0
39009,33.797,0
39081,30.846,0
54083,92.396,0
54049,34.076,0
34011,45.535,0
06057,77.537,0
55031,63.569,0
21199,39.662,0
37065,55.668,0
48241,51.326,0
49001,39.362,0
13213,32.348,0
18075,25.02,0
26117,30.917,0
36083,53.807,0
12021,62.206,0
35031,43.021,0
13017,27.349,0
05077,35.036,0
12003,42.78,0
13173,30.291,0
20159,22.699,0
01015,43.811,0
28059,82.83,0
21037,21.771,0
21057,45.589,0
28107,38.284,0
48195,32.984,0
48071,39.435,0
13239,35.498,0
48199,39.017,0
39143,25.292,0
23021,204.735,0
17153,31.525,0
40107,45.621,0
26145,59.036,0
35039,78.23,0
50005,56.702,0
51023,52.441,0
17119,66.746,0
48085,156.322,0
45001,36.924,0
31053,23.093,0
12115,73.988,0
55077,31.02,0
04015,48.891,0
04025,64.612,0
45051,78.065,0
42091,257.758,0
16061,35.732,0
51720,25.493,0
34027,121.167,0
29211,36.599,0
20135,26.482,0
48039,120.286,0
51790,16.187,0
31029,21.349,0
39113,151.692,0
48447,34.283,0
13221,35.925,0
05029,34.482,0
29147,18.325,0
38073,26.937,0
26017,26.162,0
47157,221.145,0
06007,116.018,0
27115,58.147,0
48021,24.014,0
53039,83.515,0
53055,40.738,0
55009,121.338,0
20205,29.974,0
22069,50.352,0
22109,57.67,0
13155,28.961,0
26011,34.612,0
19111,28.449,0
20141,26.462,0
26047,38.393,0
19071,27.615,0
23015,40.653,0
36099,23.011,0
21125,36.149,0
47121,31.993,0
29213,35.9,0
13269,38.251,0
51830,14.437,0
48415,23.529,0
08047,21.617,0
40087,21.684,0
54071,64.47,0
51139,41.401,0
40079,66.07,0
54089,40.466,0
37119,289.729,0
34013,204.459,0
29115,26.1,0
13209,28.43,0
41055,25.521,0
13133,38.963,0
46017,41.155,0
46095,36.53,0
48135,72.177,0
48293,29.212,0
53027,212.095,0
54003,44.622,0
30067,81.401,0
48121,117.613,0
45021,41.362,0
37199,42.447,0
48387,42.951,0
48321,22.781,0
27149,20.449,0
13301,34.975,0
48197,29.754,0
17133,16.912,0
13165,38.76,0
21085,38.354,0
48363,32.022,0
13149,33.257,0
01079,36.66,0
28093,39.533,0
20025,31.081,0
20081,23.556,0
22013,57.75,0
13295,31.695,0
19095,21.436,0
31019,26.587,0
40007,27.466,0
19023,27.023,0
30085,28.294,0
53015,128.132,0
48297,33.966,0
29135,26.054,0
51193,36.612,0
37197,32.533,0
06047,41.809,0
40043,31.149,0
37023,55.425,0
37191,44.505,0
42123,75.43,0
05061,39.118,0
37059,30.331,0
37111,46.196,0
05099,49.407,0
08125,21.392,0
48421,35.876,0
48463,31.462,0
39011,34.46,0
22015,46.478,0
19063,21.722,0
20169,24.896,0
21153,47.348,0
48017,35.461,0
29027,31.185,0
56001,34.946,0
56029,132.539,0
42093,16.803,0
36081,322.983,0
12121,40.482,0
26031,48.847,0
26051,40.638,0
21173,24.652,0
45057,36.825,0
21123,24.977,0
19193,34.244,0
12123,59.706,0
17003,31.327,0
29099,45.639,0
29113,24.529,0
13051,116.955,0
12125,37.316,0
36037,25.239,0
19041,16.146,0
30025,27.153,0
46107,25.918,0
48109,39.923,0
23005,114.641,0
48013,28.355,0
20095,26.303,0
13241,50.783,0
54097,43.162,0
29215,51.305,0
05119,133.932,0
19047,27.354,0
16005,23.958,0
39055,43.852,0
06107,244.872,0
36117,32.644,0
51163,46.58,0
38095,33.104,0
42045,83.271,0
36063,47.218,0
50003,59.178,0
12019,44.25,0
37183,193.704,0
39061,246.816,0
34003,204.105,0
32017,55.084,0
30055,24.956,0
19019,22.823,0
17043,296.142,0
46047,28.345,0
27069,28.945,0
13219,17.491,0
48493,23.462,0
31059,21.89,0
12079,46.086,0
18153,23.91,0
04012,27.043,0
13027,33.864,0
20185,21.703,0
13271,37.389,0
26115,30.936,0
18181,22.839,0
18113,28.356,0
21139,37.375,0
13201,37.877,0
47103,31.073,0
21211,25.408,0
31185,20.96,0
42001,34.942,0
45005,39.759,0
47037,228.07,0
49047,45.189,0
49049,100.859,0
18021,24.912,0
36047,188.808,0
29141,44.166,0
39075,49.039,0
19143,31.113,0
18079,27.905,0
16083,23.985,0
17165,31.906,0
26077,76.936,0
45061,37.274,0
56019,37.694,0
18027,25.699,0
26055,38.963,0
22003,47.51,0
46065,15.116,0
46069,26.353,0
45027,34.58,0
30095,25.886,0
47007,42.469,0
21219,29.324,0
47183,25.043,0
29077,99.747,0
42077,116.555,0
31159,15.675,0
36015,37.908,0
36121,33.02,0
06099,111.769,0
42095,62.582,0
01103,64.23,0
21027,37.743,0
28043,35.608,0
21213,30.115,0
50013,17.926,0
39029,36.414,0
51125,49.479,0
12097,47.318,0
05053,47.7,0
13175,39.435,0
36061,384.338,0
05007,93.888,0
12083,83.302,0
51135,37.979,0
34041,36.903,0
36021,39.833,0
51690,18.336,0
40023,38.734,0
20041,23.043,0
48427,24.291,0
13103,30.569,0
40129,28.267,0
55103,34.177,0
35025,42.94,0
01075,55.718,0
47117,23.293,0
51011,29.341,0
05087,45.825,0
56033,37.011,0
42041,71.743,0
42055,57.251,0
42079,112.702,0
26039,40.279,0
01113,35.7,0
39019,26.856,0
51065,28.147,0
17097,227.823,0
13195,24.135,0
05039,59.544,0
08057,56.519,0
08063,21.051,0
16073,52.188,0
55141,47.952,0
36013,64.083,0
13067,131.497,0
47091,43.79,0
39013,37.093,0
51195,39.566,0
29035,47.823,0
40013,31.16,0
31035,26.4,0
24017,39.774,0
19033,20.88,0
19073,25.795,0
21205,33.636,0
49055,31.19,0
29031,33.416,0
53071,26.345,0
29133,25.472,0
05025,40.334,0
48113,844.259,0
18033,39.066,0
22073,49.945,0
22095,31.659,0
22091,36.172,0
29197,36.16,0
01059,43.702,0
21041,40.386,0
08019,27.187,0
48267,39.595,0
26097,62.614,0
48307,31.455,0
28141,45.733,0
48105,35.488,0
48217,27.775,0
08075,17.907,0
20055,21.829,0
20125,23.102,0
45039,46.609,0
31033,21.348,0
27091,16.826,0
47155,55.056,0
47139,41.937,0
48263,29.149,0
30099,34.039,0
31069,26.407,0
17117,24.09,0
39141,38.565,0
17195,24.034,0
48141,104.876,0
48301,29.213,0
40077,44.203,0
39167,47.496,0
29091,38.172,0
20047,26.288,0
21111,218.361,0
17107,17.085,0
55139,73.288,0
21075,30.038,0
20079,22.558,0
30021,20.297,0
54091,39.766,0
26111,40.949,0
28119,33.96,0
21093,37.61,0
17081,21.656,0
46057,25.366,0
55069,49.711,0
36033,92.067,0
51630,16.268,0
54081,59.488,0
35005,24.021,0
35049,37.338,0
06059,719.95,0
04023,23.975,0
37053,26.993,0
17101,30.643,0
18067,34.662,0
18125,28.653,0
21047,36.179,0
26045,36.326,0
19179,22.604,0
06025,25.795,0
26027,25.071,0
28157,58.163,0
20179,30.235,0
28079,47.668,0
28025,34.13,0
28037,56.637,0
28099,55.184,0
46045,25.424,0
01035,54.423,0
18029,23.746,0
18071,41.902,0
28081,42.994,0
22125,32.014,0
05035,26.276,0
12063,49.367,0
48125,34.395,0
51115,23.607,0
38075,25.215,0
48283,33.472,0
36067,133.32,0
19087,25.615,0
31083,26.113,0
30075,33.202,0
55091,28.844,0
04001,104.253,0
29121,28.962,0
48279,31.11,0
20097,21.766,0
48015,19.61,0
29061,34.423,0
13253,37.954,0
26101,41.401,0
19119,25.547,0
48233,20.107,0
40139,22.447,0
40153,26.283,0
19003,26.249,0
06101,24.16,0
42105,85.139,0
48465,22.301,0
20077,23.443,0
19133,22.417,0
49023,27.757,0
40137,28.344,0
36017,59.199,0
17143,57.572,0
19091,26.561,0
31177,17.299,0
55049,29.145,0
27097,33.211,0
42003,284.242,0
29205,29.28,0
39097,22.088,0
20201,33.116,0
17019,40.738,0
16087,36.479,0
17045,28.924,0
08121,19.744,0
39065,23.51,0
26113,38.008,0
38093,18.167,0
29203,66.741,0
48423,73.54,0
40143,207.142,0
40091,42.042,0
48395,31.68,0
48171,28.297,0
26125,313.76,0
38033,24.811,0
56027,22.92,0
27117,21.552,0
51099,27.744,0
53025,30.13,0
27129,28.5,0
12001,85.92,0
31091,30.468,0
51147,33.596,0
49007,33.861,0
42017,138.473,0
46059,25.29,0
42081,95.124,0
16057,45.039,0
13237,32.009,0
51640,27.946,0
35037,24.816,0
48269,33.284,0
05073,45.562,0
48451,35.546,0
12049,25.656,0
39025,48.137,0
48501,35.672,0
41071,62.395,0
19115,23.266,0
20049,34.885,0
39121,39.546,0
39137,23.923,0
48425,22.311,0
42075,50.624,0
30035,46.08,0
32027,30.363,0
27087,29.479,0
34031,93.633,0
30047,56.934,0
48261,36.16,0
48033,28.24,0
29157,28.999,0
48411,34.942,0
40073,28.6,0
48051,25.305,0
36035,42.161,0
28133,27.625,0
27053,479.463,0
42027,76.012,0
48025,22.191,0
47077,36.001,0
19171,25.245,0
20175,21.417,0
19135,25.788,0
31147,23.138,0
17021,18.358,0
12089,43.384,0
12133,43.221,0
13007,41.41,0
13275,31.605,0
21005,22.222,0
21185,16.048,0
13057,48.845,0
38065,20.907,0
26133,43.303,0
47109,38.204,0
53001,25.047,0
29057,29.842,0
22101,42.533,0
50007,56.845,0
22057,48.918,0
19139,26.768,0
12113,50.899,0
18101,34.671,0
21203,44.519,0
21223,31.333,0
13055,32.148,0
45033,41.71,0
37103,43.74,0
29199,37.971,0
20131,23.142,0
20137,26.372,0
31065,27.02,0
13087,33.743,0
18177,26.777,0
21009,22.13,0
31093,20.648,0
38025,26.521,0
06005,47.67,0
47049,46.772,0
20031,22.239,0
26023,23.522,0
51031,40.54,0
39105,42.864,0
54067,67.249,0
40053,33.212,0
46115,26.008,0
50027,79.482,0
48455,50.563,0
35001,119.657,0
13205,32.213,0
21147,54.203,0
21191,27.118,0
21215,20.603,0
30041,22.094,0
31175,26.633,0
48069,36.299,0
24043,43.878,0
21133,39.449,0
34033,25.676,0
51680,25.592,0
05125,43.919,0
54053,36.614,0
54021,41.822,0
28063,58.632,0
38079,36.547,0
30103,31.075,0
21049,19.442,0
26005,52.766,0
47005,38.077,0
27015,20.947,0
47137,37.727,0
51109,50.151,0
18145,22.265,0
39049,282.711,0
49021,42.309,0
32009,35.377,0
26083,49.285,0
49039,38.713,0
20093,22.873,0
12009,126.676,0
18105,56.633,0
19117,25.456,0
21239,14.535,0
45053,53.188,0
48043,20.377,0
45065,33.949,0
45087,36.529,0
27103,17.982,0
55075,71.745,0
53011,107.208,0
55099,68.678,0
18103,19.324,0
20053,26.138,0
22123,30.769,0
12077,63.121,0
20083,30.966,0
20119,22.221,0
21149,21.941,0
28001,41.817,0
28057,50.204,0
21073,23.96,0
23009,94.468,0
23013,35.655,0
13217,29.291,0
46049,26.636,0
26061,63.26,0
30061,93.022,0
47051,41.419,0
22029,37.617,0
22063,41.455,0
25009,225.376,0
46019,26.749,0
08035,80.635,0
45079,91.63,0
18095,32.775,0
40099,29.921,0
54009,21.446,0
54013,50.902,0
51021,40.586,0
30111,43.007,0
54043,46.383,0
06033,52.569,0
13131,38.028,0
08021,41.018,0
49037,49.082,0
18133,22.954,0
16047,29.583,0
47167,21.087,0
22121,25.884,0
29171,38.206,0
56039,121.44,0
55043,33.209,0
38059,18.643,0
37041,28.923,0
37021,94.621,0
06063,201.978,0
51730,19.985,0
50023,59.372,0
46093,19.993,0
18097,280.175,0
05017,34.654,0
13021,47.265,0
05115,47.569,0
51175,43.16,0
48183,58.563,0
36087,47.509,0
05089,43.155,0
51800,32.698,0
08041,106.413,0
29187,31.764,0
48475,34.536,0
08061,25.553,0
48487,20.093,0
41015,198.218,0
08119,23.127,0
29049,17.524,0
49051,41.021,0
16029,40.342,0
37157,55.765,0
05117,36.336,0
05011,49.337,0
48193,31.053,0
24011,35.076,0
27041,24.243,0
30043,58.517,0
51059,129.158,0
30023,42.425,0
47001,70.331,0
39077,31.068,0
13005,30.815,0
10001,36.075,0
39173,46.767,0
13157,37.298,0
20003,24.343,0
17095,21.976,0
30107,38.173,0
47015,30.041,0
23007,109.677,0
21165,42.581,0
46089,27.578,0
08051,85.584,0
26029,41.902,0
27151,27.584,0
39147,24.22,0
13267,38.83,0
48429,29.605,0
37117,55.411,0
30081,105.645,0
13317,46.916,0
53043,27.97,0
06081,341.202,0
39171,35.382,0
08009,31.125,0
16021,85.631,0
16007,33.214,0
39159,17.604,0
39035,416.627,0
48285,31.031,0
40105,39.027,0
13125,37.962,0
41059,85.834,0
46102,36.749,0
20117,23.472,0
22065,39.656,0
30105,25.843,0
13313,66.38,0
20203,27.295,0
46023,24.217,0
31027,26.655,0
53035,62.283,0
17111,65.48,0
30069,28.939,0
29033,24.476,0
53075,21.682,0
27147,20.344,0
31169,21.318,0
47033,19.43,0
19079,21.531,0
39165,45.412,0
13255,27.179,0
34019,34.79,0
29217,28.986,0
18121,27.438,0
19069,28.222,0
13035,29.632,0
08039,18.012,0
44001,15.282,0
48035,33.519,0
44005,18.625,0
39045,31.647,0
38069,20.713,0
17015,27.815,0
27125,21.597,0
41031,81.724,0
47021,26.951,0
46127,16.927,0
01051,32.87,0
13187,35.158,0
39083,27.051,0
19017,16.632,0
48175,22.703,0
37089,51.544,0
12061,32.822,0
48393,31.14,0
31049,26.065,0
36051,28.648,0
19141,26.474,0
48059,23.63,0
48379,27.401,0
20067,21.528,0
51105,39.506,0
35051,32.964,0
05043,43.216,0
31123,27.148,0
29015,36.892,0
05109,45.502,0
08077,80.787,0
29065,44.183,0
51185,39.038,0
42103,46.433,0
42115,53.759,0
48343,36.02,0
42125,80.642,0
50001,47.134,0
20103,22.322,0
26121,55.015,0
28049,98.681,0
48281,19.688,0
51107,72.838,0
29185,37.336,0
36025,92.007,0
30071,26.672,0
29129,31.828,0
53045,131.705,0
37127,58.768,0
51199,18.624,0
29159,26.634,0
30063,122.404,0
20019,36.687,0
48459,28.962,0
51047,35.795,0
40061,37.325,0
54069,25.706,0
54065,25.484,0
51165,56.545,0
18183,21.664,0
06093,427.674,0
46037,27.512,0
22071,70.432,0
01073,204.746,0
01127,42.784,0
29063,24.575,0
12039,37.445,0
13083,27.626,0
28033,35.998,0
51187,27.183,0
17047,27.205,0
47113,54.074,0
01111,38.755,0
37009,49.02,0
08033,41.124,0
39089,45.123,0
51683,22.953,0
05139,64.508,0
17071,29.159,0
01101,68.189,0
08005,97.457,0
21155,39.007,0
53057,219.316,0
28067,56.97,0
55021,28.7,0
37019,56.376,0
27029,46.716,0
51131,29.157,0
20163,25.574,0
18041,19.842,0
31079,34.213,0
31081,24.582,0
31115,32.028,0
30091,25.603,0
31063,22.33,0
01007,44.259,0
28075,54.642,0
27011,25.929,0
27013,24.065,0
51091,46.546,0
51177,44.43,0
33017,49.584,0
13153,33.151,0
26041,62.942,0
05131,60.187,0
06087,65.321,0
13191,30.906,0
13207,28.096,0
29069,21.283,0
48483,34.579,0
13117,43.067,0
48409,26.789,0
28147,43.4,0
29137,25.978,0
26073,36.028,0
48341,22.614,0
45017,28.82,0
56035,73.612,0
21069,27.928,0
55019,52.075,0
45091,66.347,0
18001,24.276,0
22005,53.337,0
42119,30.954,0
51041,69.617,0
22001,25.4,0
42039,60.6,0
46123,27.946,0
19077,22.088,0
19183,18.277,0
46111,26.604,0
40051,24.674,0
54039,98.788,0
55109,31.786,0
42121,56.243,0
39153,154.848,0
13127,33.686,0
48479,59.567,0
37123,53.743,0
23003,322.011,0
28065,48.776,0
18175,28.397,0
48031,31.373,0
51025,43.272,0
47045,25.734,0
47053,23.437,0
51149,28.761,0
05075,34.232,0
38027,31.73,0
53053,311.572,0
16063,28.112,0
42071,167.063,0
55057,39.106,0
47151,50.232,0
46031,32.461,0
46053,28.157,0
37181,31.812,0
21033,26.827,0
45011,42.263,0
47039,34.996,0
18009,27.324,0
01055,37.286,0
16025,34.07,0
20155,22.46,0
47119,48.031,0
56015,21.877,0
55107,51.303,0
55133,153.227,0
21079,33.074,0
25021,126.515,0
18063,32.27,0
17077,27.511,0
45043,47.55,0
38041,26.968,0
49019,43.123,0
49045,25.031,0
51650,30.608,0
55011,37.748,0
51069,40.618,0
54041,42.968,0
27119,18.934,0
27127,23.144,0
47047,33.391,0
22089,36.243,0
05111,29.597,0
12045,48.888,0
47063,31.39,0
01021,36.458,0
48351,56.311,0
48219,31.63,0
13009,26.1,0
37175,40.589,0
37171,74.959,0
01031,33.672,0
39149,36.302,0
16027,41.125,0
30019,25.647,0
12073,51.695,0
40119,27.664,0
01039,50.472,0
18093,28.419,0
20069,22.428,0
21045,45.709,0
21169,36.921,0
21207,32.471,0
22011,41.6,0
23025,205.526,0
40025,34.287,0
21163,26.54,0
21179,34.944,0
21187,38.783,0
29155,26.043,0
31125,26.834,0
55078,43.827,0
48365,42.061,0
21011,26.646,0
48001,34.961,0
51033,55.642,0
19167,29.506,0
06021,44.431,0
29510,105.61,0
13111,45.975,0
46051,26.679,0
46091,21.806,0
53067,71.886,0
31107,24.497,0
35061,19.255,0
30079,24.273,0
19005,31.111,0
48061,48.614,0
48339,134.702,0
08071,40.124,0
48299,32.498,0
48319,29.033,0
37043,43.647,0
36071,86.355,0
36093,32.826,0
54059,45.58,0
20197,21.796,0
27055,24.23,0
21181,29.622,0
25023,97.942,0
36005,149.952,0
37055,36.502,0
39103,47.501,0
42005,40.184,0
34001,52.738,0
55071,35.278,0
55029,27.08,0
37047,65.586,0
39053,31.017,0
48441,33.868,0
51570,14.732,0
39031,32.266,0
31135,25.723,0
48205,33.941,0
08049,74.345,0
48249,31.703,0
19189,20.238,0
06079,57.464,0
01067,33.671,0
39175,25.67,0
48505,33.746,0
13177,24.195,0
21019,26.127,0
27019,38.37,0
31037,26.215,0
45025,53.355,0
47101,40.834,0
41067,270.01,0
51810,48.8,0
30057,73.933,0
51103,31.05,0
29013,27.2,0
33001,40.909,0
51159,30.843,0
53021,29.05,0
19093,26.223,0
20173,169.488,0
48453,236.787,0
12057,242.915,0
34021,62.456,0
31023,26.05,0
42129,113.41,0
12015,29.852,0
19029,22.2,0
39107,25.38,0
21115,32.936,0
44003,42.415,0
50025,74.967,0
50019,52.712,0
20085,18.057,0
22041,33.088,0
28155,46.484,0
25011,61.948,0
31031,21.306,0
30001,101.734,0
29143,31.518,0
05057,32.561,0
29029,42.001,0
51117,47.081,0
21233,26.18,0
40047,27.177,0
53059,198.406,0
26091,25.497,0
13123,51.999,0
27135,31.187,0
28089,44.307,0
48227,23.453,0
54099,45.344,0
